Optimizing with analytical gradient (MAP estimation with bounds)...
Computing analytical Hessian at MAP estimate...
Min eigenvalue: -19474.34279523894

======================================================================
MAP ESTIMATION RESULTS
======================================================================
Converged: true
Iterations: 1
Negative Log-likelihood: 270667.393448909

SLOPE/INTERCEPT PARAMETERS (β):
----------------------------------------------------------------------
Intercept      :    14.2914  (SE:   0.9903)  [   12.3504,    16.2324]
Slope 1        :    -0.2150  (SE:   0.0088)  [   -0.2323,    -0.1977]
Slope 2        :    -8.4064  (SE:   0.0042)  [   -8.4147,    -8.3982]
Slope 3        :    -1.9366  (SE:   0.0023)  [   -1.9410,    -1.9321]

BREAKPOINT LOCATIONS (ψ):
----------------------------------------------------------------------
ψ[1]           :      20.00  (SE:   0.0066)  [     19.99,      20.01]
  (rounded)    : 20
ψ[2]           :      80.00  (SE:   0.0153)  [     79.97,      80.03]
  (rounded)    : 80

NOISE PARAMETER (σ):
----------------------------------------------------------------------
σ              :     5.0000  (SE:   0.0048)  [    4.9905,     5.0095]

CORRELATION MATRIX (selected parameters):
----------------------------------------------------------------------
  1.000  -1.399   0.495  -0.471  -1.663 
 -1.399  -1.000   2.149   1.840  13.424 
  0.495   2.149  -1.000   0.447 -30.969 
 -0.471   1.840   0.447  -1.000  -0.405 
 -1.663  13.424 -30.969  -0.405  -1.000 

======================================================================
Confidence Level: 95.0%
======================================================================
Optimizing with analytical gradient (MAP estimation with bounds)...
Computing analytical Hessian at MAP estimate...
Min eigenvalue: -20041.062483398524

======================================================================
MAP ESTIMATION RESULTS
======================================================================
Converged: true
Iterations: 1
Negative Log-likelihood: 555661.8293778814

SLOPE/INTERCEPT PARAMETERS (β):
----------------------------------------------------------------------
Intercept      :    14.0451  (SE:   0.9756)  [   12.1330,    15.9572]
Slope 1        :     7.5412  (SE:   0.0085)  [    7.5245,     7.5578]
Slope 2        :     1.3509  (SE:   0.0005)  [    1.3500,     1.3518]
Slope 3        :     8.7397  (SE:   0.0076)  [    8.7248,     8.7546]

BREAKPOINT LOCATIONS (ψ):
----------------------------------------------------------------------
ψ[1]           :      20.00  (SE:   0.0045)  [     19.99,      20.01]
  (rounded)    : 20
ψ[2]           :      80.00  (SE:   0.0115)  [     79.98,      80.02]
  (rounded)    : 80

NOISE PARAMETER (σ):
----------------------------------------------------------------------
σ              :     5.0000  (SE:   0.0034)  [    4.9934,     5.0066]

CORRELATION MATRIX (selected parameters):
----------------------------------------------------------------------
  1.000  -1.554   0.550  -0.511   1.696 
 -1.554   1.000   1.826   2.108 -13.812 
  0.550   1.826  -1.000   0.469 279.889 
 -0.511   2.108   0.469  -1.000   0.426 
  1.696 -13.812 279.889   0.426  -1.000 

======================================================================
Confidence Level: 95.0%
======================================================================
Optimizing with analytical gradient (MAP estimation with bounds)...
Computing analytical Hessian at MAP estimate...
Min eigenvalue: -21258.05038995087

======================================================================
MAP ESTIMATION RESULTS
======================================================================
Converged: true
Iterations: 1
Negative Log-likelihood: 1.5987244318303496e6

SLOPE/INTERCEPT PARAMETERS (β):
----------------------------------------------------------------------
Intercept      :    14.0234  (SE:   0.9977)  [   12.0680,    15.9788]
Slope 1        :     5.2918  (SE:   0.0016)  [    5.2886,     5.2950]
Slope 2        :    14.2695  (SE:   0.0029)  [   14.2639,    14.2751]
Slope 3        :    -2.1554  (SE:   0.0011)  [   -2.1575,    -2.1533]

BREAKPOINT LOCATIONS (ψ):
----------------------------------------------------------------------
ψ[1]           :      20.00  (SE:   0.0026)  [     19.99,      20.01]
  (rounded)    : 20
ψ[2]           :      80.00  (SE:   0.0064)  [     79.99,      80.01]
  (rounded)    : 80

NOISE PARAMETER (σ):
----------------------------------------------------------------------
σ              :     5.0000  (SE:   0.0020)  [    4.9961,     5.0039]

CORRELATION MATRIX (selected parameters):
----------------------------------------------------------------------
  1.000  -8.243   0.492   0.455   1.647 
 -8.243   1.000  11.535  -9.600 -72.928 
  0.492  11.535  -1.000  -0.439  45.808 
  0.455  -9.600  -0.439  -1.000  -0.397 
  1.647 -72.928  45.808  -0.397  -1.000 

======================================================================
Confidence Level: 95.0%
======================================================================
Optimizing with analytical gradient (MAP estimation with bounds)...
Computing analytical Hessian at MAP estimate...
Min eigenvalue: -18798.91582842038

======================================================================
MAP ESTIMATION RESULTS
======================================================================
Converged: true
Iterations: 1
Negative Log-likelihood: 293722.84590827656

SLOPE/INTERCEPT PARAMETERS (β):
----------------------------------------------------------------------
Intercept      :    14.5566  (SE:   0.9989)  [   12.5989,    16.5143]
Slope 1        :    -3.1939  (SE:   0.0139)  [   -3.2211,    -3.1668]
Slope 2        :    14.2082  (SE:   0.0068)  [   14.1948,    14.2216]
Slope 3        :    -8.3302  (SE:   0.0091)  [   -8.3480,    -8.3124]

BREAKPOINT LOCATIONS (ψ):
----------------------------------------------------------------------
ψ[1]           :      20.00  (SE:   0.0064)  [     19.99,      20.01]
  (rounded)    : 20
ψ[2]           :      80.00  (SE:   0.0144)  [     79.97,      80.03]
  (rounded)    : 80

NOISE PARAMETER (σ):
----------------------------------------------------------------------
σ              :     5.0000  (SE:   0.0047)  [    4.9908,     5.0092]

CORRELATION MATRIX (selected parameters):
----------------------------------------------------------------------
  1.000  -0.860   0.444   0.400   1.646 
 -0.860  -1.000   1.616  -0.948  -8.632 
  0.444   1.616  -1.000  -0.406  19.085 
  0.400  -0.948  -0.406  -1.000  -0.360 
  1.646  -8.632  19.085  -0.360  -1.000 

======================================================================
Confidence Level: 95.0%
======================================================================
Optimizing with analytical gradient (MAP estimation with bounds)...
Computing analytical Hessian at MAP estimate...
Min eigenvalue: -21443.530719207287

======================================================================
MAP ESTIMATION RESULTS
======================================================================
Converged: true
Iterations: 1
Negative Log-likelihood: 3.061810679805323e6

SLOPE/INTERCEPT PARAMETERS (β):
----------------------------------------------------------------------
Intercept      :    14.0547  (SE:   0.9866)  [   12.1210,    15.9884]
Slope 1        :    12.8112  (SE:   0.0065)  [   12.7985,    12.8239]
Slope 2        :    10.9283  (SE:   0.0016)  [   10.9252,    10.9314]
Slope 3        :    10.9260  (SE:   0.0040)  [   10.9182,    10.9337]

BREAKPOINT LOCATIONS (ψ):
----------------------------------------------------------------------
ψ[1]           :      20.00  (SE:   0.0019)  [     20.00,      20.00]
  (rounded)    : 20
ψ[2]           :      80.00  (SE:   0.0048)  [     79.99,      80.01]
  (rounded)    : 80

NOISE PARAMETER (σ):
----------------------------------------------------------------------
σ              :     5.0000  (SE:   0.0014)  [    4.9972,     5.0028]

CORRELATION MATRIX (selected parameters):
----------------------------------------------------------------------
  1.000  -2.056   0.523  -0.486   1.672 
 -2.056   1.000   2.622   2.611 -18.183 
  0.523   2.622  -1.000   0.456  81.969 
 -0.486   2.611   0.456  -1.000   0.414 
  1.672 -18.183  81.969   0.414  -1.000 

======================================================================
Confidence Level: 95.0%
======================================================================
Optimizing with analytical gradient (MAP estimation with bounds)...
Computing analytical Hessian at MAP estimate...
Min eigenvalue: -5246.138051521473

======================================================================
MAP ESTIMATION RESULTS
======================================================================
Converged: true
Iterations: 1
Negative Log-likelihood: 42387.15422301063

SLOPE/INTERCEPT PARAMETERS (β):
----------------------------------------------------------------------
Intercept      :    14.1206  (SE:   0.8083)  [   12.5364,    15.7049]
Slope 1        :     8.2885  (SE:   0.0389)  [    8.2121,     8.3648]
Slope 2        :   -15.1832  (SE:   0.0266)  [  -15.2353,   -15.1310]
Slope 3        :     8.3615  (SE:   0.0229)  [    8.3165,     8.4064]

BREAKPOINT LOCATIONS (ψ):
----------------------------------------------------------------------
ψ[1]           :      20.00  (SE:   0.0249)  [     19.95,      20.05]
  (rounded)    : 20
ψ[2]           :      80.00  (SE:   0.0366)  [     79.93,      80.07]
  (rounded)    : 80

NOISE PARAMETER (σ):
----------------------------------------------------------------------
σ              :     5.0000  (SE:   0.0137)  [    4.9731,     5.0269]

CORRELATION MATRIX (selected parameters):
----------------------------------------------------------------------
  1.000   0.040   0.384   0.323  -2.161 
  0.040  -1.000   0.975  -0.186   3.127 
  0.384   0.975  -1.000  -0.327  -4.622 
  0.323  -0.186  -0.327  -1.000   0.257 
 -2.161   3.127  -4.622   0.257  -1.000 

======================================================================
Confidence Level: 95.0%
======================================================================
Optimizing with analytical gradient (MAP estimation with bounds)...
Computing analytical Hessian at MAP estimate...
Min eigenvalue: -19641.782284217545

======================================================================
MAP ESTIMATION RESULTS
======================================================================
Converged: true
Iterations: 1
Negative Log-likelihood: 650800.9969039841

SLOPE/INTERCEPT PARAMETERS (β):
----------------------------------------------------------------------
Intercept      :    14.4465  (SE:   0.9526)  [   12.5795,    16.3135]
Slope 1        :    13.3122  (SE:   0.0124)  [   13.2879,    13.3366]
Slope 2        :    -6.1891  (SE:   0.0020)  [   -6.1930,    -6.1853]
Slope 3        :    13.7221  (SE:   0.0117)  [   13.6992,    13.7450]

BREAKPOINT LOCATIONS (ψ):
----------------------------------------------------------------------
ψ[1]           :      20.00  (SE:   0.0041)  [     19.99,      20.01]
  (rounded)    : 20
ψ[2]           :      80.00  (SE:   0.0112)  [     79.98,      80.02]
  (rounded)    : 80

NOISE PARAMETER (σ):
----------------------------------------------------------------------
σ              :     5.0000  (SE:   0.0031)  [    4.9939,     5.0061]

CORRELATION MATRIX (selected parameters):
----------------------------------------------------------------------
  1.000  -1.094  -0.602  -0.548   1.750 
 -1.094   1.000  -1.066   1.545  -9.374 
 -0.602  -1.066  -1.000  -0.484  66.125 
 -0.548   1.545  -0.484  -1.000   0.440 
  1.750  -9.374  66.125   0.440  -1.000 

======================================================================
Confidence Level: 95.0%
======================================================================
Optimizing with analytical gradient (MAP estimation with bounds)...
Computing analytical Hessian at MAP estimate...
Min eigenvalue: -19392.74613150821

======================================================================
MAP ESTIMATION RESULTS
======================================================================
Converged: true
Iterations: 1
Negative Log-likelihood: 218989.02447138776

SLOPE/INTERCEPT PARAMETERS (β):
----------------------------------------------------------------------
Intercept      :    14.3530  (SE:   0.9784)  [   12.4355,    16.2706]
Slope 1        :    -3.7072  (SE:   0.0061)  [   -3.7190,    -3.6953]
Slope 2        :    -2.3177  (SE:   0.0013)  [   -2.3202,    -2.3152]
Slope 3        :    -5.8488  (SE:   0.0080)  [   -5.8644,    -5.8331]

BREAKPOINT LOCATIONS (ψ):
----------------------------------------------------------------------
ψ[1]           :      20.00  (SE:   0.0072)  [     19.99,      20.01]
  (rounded)    : 20
ψ[2]           :      80.00  (SE:   0.0180)  [     79.96,      80.04]
  (rounded)    : 80

NOISE PARAMETER (σ):
----------------------------------------------------------------------
σ              :     5.0000  (SE:   0.0054)  [    4.9894,     5.0106]

CORRELATION MATRIX (selected parameters):
----------------------------------------------------------------------
  1.000  -2.145   0.541  -0.508  -1.690 
 -2.145   1.000   2.663   2.973  19.423 
  0.541   2.663  -1.000   0.468 -102.039 
 -0.508   2.973   0.468  -1.000  -0.426 
 -1.690  19.423 -102.039  -0.426  -1.000 

======================================================================
Confidence Level: 95.0%
======================================================================
Optimizing with analytical gradient (MAP estimation with bounds)...
Computing analytical Hessian at MAP estimate...
Min eigenvalue: -18685.607662734357

======================================================================
MAP ESTIMATION RESULTS
======================================================================
Converged: true
Iterations: 1
Negative Log-likelihood: 124582.35846129457

SLOPE/INTERCEPT PARAMETERS (β):
----------------------------------------------------------------------
Intercept      :    13.9542  (SE:   0.9878)  [   12.0181,    15.8904]
Slope 1        :     1.2171  (SE:   0.0053)  [    1.2068,     1.2274]
Slope 2        :     4.1212  (SE:   0.0030)  [    4.1152,     4.1271]
Slope 3        :     1.5000  (SE:   0.0026)  [    1.4949,     1.5052]

BREAKPOINT LOCATIONS (ψ):
----------------------------------------------------------------------
ψ[1]           :      20.00  (SE:   0.0097)  [     19.98,      20.02]
  (rounded)    : 20
ψ[2]           :      80.00  (SE:   0.0230)  [     79.95,      80.05]
  (rounded)    : 80

NOISE PARAMETER (σ):
----------------------------------------------------------------------
σ              :     5.0000  (SE:   0.0071)  [    4.9860,     5.0140]

CORRELATION MATRIX (selected parameters):
----------------------------------------------------------------------
  1.000  -2.399   0.509  -0.475   1.669 
 -2.399  -1.000   3.404   3.109 -22.514 
  0.509   3.404  -1.000   0.450  42.864 
 -0.475   3.109   0.450  -1.000   0.407 
  1.669 -22.514  42.864   0.407  -1.000 

======================================================================
Confidence Level: 95.0%
======================================================================
Optimizing with analytical gradient (MAP estimation with bounds)...
Computing analytical Hessian at MAP estimate...
Min eigenvalue: -20141.065772751317

======================================================================
MAP ESTIMATION RESULTS
======================================================================
Converged: true
Iterations: 1
Negative Log-likelihood: 4.435276118804197e6

SLOPE/INTERCEPT PARAMETERS (β):
----------------------------------------------------------------------
Intercept      :    13.6416  (SE:   0.9878)  [   11.7055,    15.5777]
Slope 1        :    29.2703  (SE:   0.0135)  [   29.2438,    29.2967]
Slope 2        :    -4.5412  (SE:   0.0005)  [   -4.5422,    -4.5401]
Slope 3        :    -8.9327  (SE:   0.0028)  [   -8.9383,    -8.9271]

BREAKPOINT LOCATIONS (ψ):
----------------------------------------------------------------------
ψ[1]           :      20.00  (SE:   0.0015)  [     20.00,      20.00]
  (rounded)    : 20
ψ[2]           :      80.00  (SE:   0.0042)  [     79.99,      80.01]
  (rounded)    : 80

NOISE PARAMETER (σ):
----------------------------------------------------------------------
σ              :     5.0000  (SE:   0.0012)  [    4.9977,     5.0023]

CORRELATION MATRIX (selected parameters):
----------------------------------------------------------------------
  1.000  -1.137  -0.530   0.473   1.670 
 -1.137   1.000  -1.260  -1.169  -8.658 
 -0.530  -1.260  -1.000   0.443 250.043 
  0.473  -1.169   0.443  -1.000  -0.402 
  1.670  -8.658 250.043  -0.402  -1.000 

======================================================================
Confidence Level: 95.0%
======================================================================
Optimizing with analytical gradient (MAP estimation with bounds)...
Computing analytical Hessian at MAP estimate...
Min eigenvalue: -21330.865969034185

======================================================================
MAP ESTIMATION RESULTS
======================================================================
Converged: true
Iterations: 1
Negative Log-likelihood: 5.745998490816213e6

SLOPE/INTERCEPT PARAMETERS (β):
----------------------------------------------------------------------
Intercept      :    13.9343  (SE:   0.9922)  [   11.9896,    15.8790]
Slope 1        :    25.2382  (SE:   0.0108)  [   25.2170,    25.2595]
Slope 2        :     5.6980  (SE:   0.0006)  [    5.6969,     5.6992]
Slope 3        :    -2.6887  (SE:   0.0007)  [   -2.6901,    -2.6872]

BREAKPOINT LOCATIONS (ψ):
----------------------------------------------------------------------
ψ[1]           :      20.00  (SE:   0.0014)  [     20.00,      20.00]
  (rounded)    : 20
ψ[2]           :      80.00  (SE:   0.0036)  [     79.99,      80.01]
  (rounded)    : 80

NOISE PARAMETER (σ):
----------------------------------------------------------------------
σ              :     5.0000  (SE:   0.0010)  [    4.9980,     5.0020]

CORRELATION MATRIX (selected parameters):
----------------------------------------------------------------------
  1.000  -1.341   0.517   0.470   1.660 
 -1.341   1.000   1.601  -1.478 -10.835 
  0.517   1.601  -1.000  -0.445 223.297 
  0.470  -1.478  -0.445  -1.000  -0.403 
  1.660 -10.835 223.297  -0.403  -1.000 

======================================================================
Confidence Level: 95.0%
======================================================================
Optimizing with analytical gradient (MAP estimation with bounds)...
Computing analytical Hessian at MAP estimate...
Min eigenvalue: -20597.537221229897

======================================================================
MAP ESTIMATION RESULTS
======================================================================
Converged: true
Iterations: 1
Negative Log-likelihood: 1.2984824972545975e6

SLOPE/INTERCEPT PARAMETERS (β):
----------------------------------------------------------------------
Intercept      :    14.0308  (SE:   0.9930)  [   12.0847,    15.9770]
Slope 1        :   -10.0970  (SE:   0.0093)  [  -10.1152,   -10.0789]
Slope 2        :    -5.2751  (SE:   0.0012)  [   -5.2773,    -5.2728]
Slope 3        :    -0.7545  (SE:   0.0004)  [   -0.7553,    -0.7537]

BREAKPOINT LOCATIONS (ψ):
----------------------------------------------------------------------
ψ[1]           :      20.00  (SE:   0.0029)  [     19.99,      20.01]
  (rounded)    : 20
ψ[2]           :      80.00  (SE:   0.0074)  [     79.99,      80.01]
  (rounded)    : 80

NOISE PARAMETER (σ):
----------------------------------------------------------------------
σ              :     5.0000  (SE:   0.0022)  [    4.9957,     5.0043]

CORRELATION MATRIX (selected parameters):
----------------------------------------------------------------------
  1.000  -1.530   0.513  -0.470  -1.658 
 -1.530   1.000   1.895   1.749  12.692 
  0.513   1.895  -1.000   0.447 -113.771 
 -0.470   1.749   0.447  -1.000  -0.405 
 -1.658  12.692 -113.771  -0.405  -1.000 

======================================================================
Confidence Level: 95.0%
======================================================================
Optimizing with analytical gradient (MAP estimation with bounds)...
Computing analytical Hessian at MAP estimate...
Min eigenvalue: -19119.870539702053

======================================================================
MAP ESTIMATION RESULTS
======================================================================
Converged: true
Iterations: 1
Negative Log-likelihood: 169528.84920394377

SLOPE/INTERCEPT PARAMETERS (β):
----------------------------------------------------------------------
Intercept      :    13.8502  (SE:   0.9770)  [   11.9354,    15.7650]
Slope 1        :     5.6763  (SE:   0.0123)  [    5.6521,     5.7005]
Slope 2        :    -1.1784  (SE:   0.0007)  [   -1.1798,    -1.1770]
Slope 3        :     2.2089  (SE:   0.0036)  [    2.2019,     2.2159]

BREAKPOINT LOCATIONS (ψ):
----------------------------------------------------------------------
ψ[1]           :      20.00  (SE:   0.0080)  [     19.98,      20.02]
  (rounded)    : 20
ψ[2]           :      80.00  (SE:   0.0213)  [     79.96,      80.04]
  (rounded)    : 80

NOISE PARAMETER (σ):
----------------------------------------------------------------------
σ              :     5.0000  (SE:   0.0061)  [    4.9881,     5.0119]

CORRELATION MATRIX (selected parameters):
----------------------------------------------------------------------
  1.000  -1.164  -0.552  -0.500   1.694 
 -1.164   1.000  -1.261   1.388  -9.479 
 -0.552  -1.261  -1.000  -0.459 182.594 
 -0.500   1.388  -0.459  -1.000   0.417 
  1.694  -9.479 182.594   0.417  -1.000 

======================================================================
Confidence Level: 95.0%
======================================================================
Optimizing with analytical gradient (MAP estimation with bounds)...
Computing analytical Hessian at MAP estimate...
Min eigenvalue: -19816.879752251414

======================================================================
MAP ESTIMATION RESULTS
======================================================================
Converged: true
Iterations: 1
Negative Log-likelihood: 601102.9088405998

SLOPE/INTERCEPT PARAMETERS (β):
----------------------------------------------------------------------
Intercept      :    14.2328  (SE:   0.9674)  [   12.3367,    16.1289]
Slope 1        :     2.8708  (SE:   0.0079)  [    2.8553,     2.8863]
Slope 2        :     7.9140  (SE:   0.0027)  [    7.9086,     7.9193]
Slope 3        :    13.3535  (SE:   0.0108)  [   13.3323,    13.3746]

BREAKPOINT LOCATIONS (ψ):
----------------------------------------------------------------------
ψ[1]           :      20.00  (SE:   0.0045)  [     19.99,      20.01]
  (rounded)    : 20
ψ[2]           :      80.00  (SE:   0.0107)  [     79.98,      80.02]
  (rounded)    : 80

NOISE PARAMETER (σ):
----------------------------------------------------------------------
σ              :     5.0000  (SE:   0.0033)  [    4.9936,     5.0064]

CORRELATION MATRIX (selected parameters):
----------------------------------------------------------------------
  1.000  -1.444   0.551  -0.530   1.715 
 -1.444  -1.000   2.022   2.342 -14.950 
  0.551   2.022  -1.000   0.478  46.880 
 -0.530   2.342   0.478  -1.000   0.436 
  1.715 -14.950  46.880   0.436  -1.000 

======================================================================
Confidence Level: 95.0%
======================================================================
Optimizing with analytical gradient (MAP estimation with bounds)...
Computing analytical Hessian at MAP estimate...
Min eigenvalue: -19415.816443297168

======================================================================
MAP ESTIMATION RESULTS
======================================================================
Converged: true
Iterations: 1
Negative Log-likelihood: 594667.0336292605

SLOPE/INTERCEPT PARAMETERS (β):
----------------------------------------------------------------------
Intercept      :    14.5983  (SE:   0.9625)  [   12.7117,    16.4848]
Slope 1        :    -0.3412  (SE:   0.0118)  [   -0.3644,    -0.3180]
Slope 2        :    12.2835  (SE:   0.0044)  [   12.2749,    12.2920]
Slope 3        :    12.9298  (SE:   0.0103)  [   12.9097,    12.9499]

BREAKPOINT LOCATIONS (ψ):
----------------------------------------------------------------------
ψ[1]           :      20.00  (SE:   0.0047)  [     19.99,      20.01]
  (rounded)    : 20
ψ[2]           :      80.00  (SE:   0.0105)  [     79.98,      80.02]
  (rounded)    : 80

NOISE PARAMETER (σ):
----------------------------------------------------------------------
σ              :     5.0000  (SE:   0.0033)  [    4.9935,     5.0065]

CORRELATION MATRIX (selected parameters):
----------------------------------------------------------------------
  1.000  -0.895   0.546  -0.532   1.727 
 -0.895  -1.000   1.424   1.539  -9.993 
  0.546   1.424  -1.000   0.476  29.106 
 -0.532   1.539   0.476  -1.000   0.435 
  1.727  -9.993  29.106   0.435  -1.000 

======================================================================
Confidence Level: 95.0%
======================================================================
Optimizing with analytical gradient (MAP estimation with bounds)...
Computing analytical Hessian at MAP estimate...
Min eigenvalue: -17430.84800540802

======================================================================
MAP ESTIMATION RESULTS
======================================================================
Converged: true
Iterations: 1
Negative Log-likelihood: 99129.0300435824

SLOPE/INTERCEPT PARAMETERS (β):
----------------------------------------------------------------------
Intercept      :    14.0085  (SE:   0.9772)  [   12.0933,    15.9238]
Slope 1        :     5.8822  (SE:   0.0165)  [    5.8499,     5.9145]
Slope 2        :    -2.7196  (SE:   0.0021)  [   -2.7237,    -2.7155]
Slope 3        :    -3.3643  (SE:   0.0076)  [   -3.3792,    -3.3494]

BREAKPOINT LOCATIONS (ψ):
----------------------------------------------------------------------
ψ[1]           :      20.00  (SE:   0.0101)  [     19.98,      20.02]
  (rounded)    : 20
ψ[2]           :      80.00  (SE:   0.0299)  [     79.94,      80.06]
  (rounded)    : 80

NOISE PARAMETER (σ):
----------------------------------------------------------------------
σ              :     5.0000  (SE:   0.0080)  [    4.9843,     5.0157]

CORRELATION MATRIX (selected parameters):
----------------------------------------------------------------------
  1.000  -0.997  -0.551   0.482   1.695 
 -0.997   1.000  -1.002  -0.922  -7.042 
 -0.551  -1.002  -1.000   0.437  63.272 
  0.482  -0.922   0.437  -1.000  -0.399 
  1.695  -7.042  63.272  -0.399  -1.000 

======================================================================
Confidence Level: 95.0%
======================================================================
Optimizing with analytical gradient (MAP estimation with bounds)...
Computing analytical Hessian at MAP estimate...
Min eigenvalue: -20343.407848789568

======================================================================
MAP ESTIMATION RESULTS
======================================================================
Converged: true
Iterations: 1
Negative Log-likelihood: 2.134155608096226e6

SLOPE/INTERCEPT PARAMETERS (β):
----------------------------------------------------------------------
Intercept      :    14.2229  (SE:   0.9834)  [   12.2954,    16.1504]
Slope 1        :   -17.7233  (SE:   0.0116)  [  -17.7460,   -17.7006]
Slope 2        :     0.3538  (SE:   0.0001)  [    0.3537,     0.3539]
Slope 3        :    -5.2901  (SE:   0.0024)  [   -5.2948,    -5.2855]

BREAKPOINT LOCATIONS (ψ):
----------------------------------------------------------------------
ψ[1]           :      20.00  (SE:   0.0022)  [     20.00,      20.00]
  (rounded)    : 20
ψ[2]           :      80.00  (SE:   0.0059)  [     79.99,      80.01]
  (rounded)    : 80

NOISE PARAMETER (σ):
----------------------------------------------------------------------
σ              :     5.0000  (SE:   0.0017)  [    4.9966,     5.0034]

CORRELATION MATRIX (selected parameters):
----------------------------------------------------------------------
  1.000  -1.247  -0.537  -0.489  -1.679 
 -1.247   1.000  -1.416   1.451  10.093 
 -0.537  -1.416  -1.000  -0.454 -2175.809 
 -0.489   1.451  -0.454  -1.000  -0.413 
 -1.679  10.093 -2175.809  -0.413  -1.000 

======================================================================
Confidence Level: 95.0%
======================================================================
Optimizing with analytical gradient (MAP estimation with bounds)...
Computing analytical Hessian at MAP estimate...
Min eigenvalue: -18665.655740117632

======================================================================
MAP ESTIMATION RESULTS
======================================================================
Converged: true
Iterations: 1
Negative Log-likelihood: 946882.3618530942

SLOPE/INTERCEPT PARAMETERS (β):
----------------------------------------------------------------------
Intercept      :    14.5269  (SE:   0.9828)  [   12.6007,    16.4531]
Slope 1        :    17.7140  (SE:   0.0166)  [   17.6815,    17.7466]
Slope 2        :    -7.3276  (SE:   0.0018)  [   -7.3312,    -7.3241]
Slope 3        :   -14.9880  (SE:   0.0110)  [  -15.0096,   -14.9664]

BREAKPOINT LOCATIONS (ψ):
----------------------------------------------------------------------
ψ[1]           :      20.00  (SE:   0.0032)  [     19.99,      20.01]
  (rounded)    : 20
ψ[2]           :      80.00  (SE:   0.0097)  [     79.98,      80.02]
  (rounded)    : 80

NOISE PARAMETER (σ):
----------------------------------------------------------------------
σ              :     5.0000  (SE:   0.0026)  [    4.9949,     5.0051]

CORRELATION MATRIX (selected parameters):
----------------------------------------------------------------------
  1.000  -1.013  -0.540   0.469   1.683 
 -1.013   1.000  -1.041  -0.878  -6.976 
 -0.540  -1.041  -1.000   0.430  73.369 
  0.469  -0.878   0.430  -1.000  -0.392 
  1.683  -6.976  73.369  -0.392  -1.000 

======================================================================
Confidence Level: 95.0%
======================================================================
Optimizing with analytical gradient (MAP estimation with bounds)...
Computing analytical Hessian at MAP estimate...
Min eigenvalue: -21016.440507002422

======================================================================
MAP ESTIMATION RESULTS
======================================================================
Converged: true
Iterations: 1
Negative Log-likelihood: 2.644098931312741e6

SLOPE/INTERCEPT PARAMETERS (β):
----------------------------------------------------------------------
Intercept      :    13.8317  (SE:   0.9807)  [   11.9096,    15.7539]
Slope 1        :    14.0266  (SE:   0.0074)  [   14.0121,    14.0411]
Slope 2        :     6.6998  (SE:   0.0011)  [    6.6978,     6.7019]
Slope 3        :    15.6697  (SE:   0.0062)  [   15.6576,    15.6818]

BREAKPOINT LOCATIONS (ψ):
----------------------------------------------------------------------
ψ[1]           :      20.00  (SE:   0.0021)  [     20.00,      20.00]
  (rounded)    : 20
ψ[2]           :      80.00  (SE:   0.0052)  [     79.99,      80.01]
  (rounded)    : 80

NOISE PARAMETER (σ):
----------------------------------------------------------------------
σ              :     5.0000  (SE:   0.0015)  [    4.9970,     5.0030]

CORRELATION MATRIX (selected parameters):
----------------------------------------------------------------------
  1.000  -1.787   0.537  -0.500   1.685 
 -1.787   1.000   2.191   2.367 -15.895 
  0.537   2.191  -1.000   0.463 123.500 
 -0.500   2.367   0.463  -1.000   0.421 
  1.685 -15.895 123.500   0.421  -1.000 

======================================================================
Confidence Level: 95.0%
======================================================================
Optimizing with analytical gradient (MAP estimation with bounds)...
Computing analytical Hessian at MAP estimate...
Min eigenvalue: -20205.235170698106

======================================================================
MAP ESTIMATION RESULTS
======================================================================
Converged: true
Iterations: 1
Negative Log-likelihood: 780112.8212891569

SLOPE/INTERCEPT PARAMETERS (β):
----------------------------------------------------------------------
Intercept      :    13.9689  (SE:   0.9815)  [   12.0451,    15.8927]
Slope 1        :     0.5653  (SE:   0.0094)  [    0.5469,     0.5837]
Slope 2        :    13.5446  (SE:   0.0041)  [   13.5366,    13.5525]
Slope 3        :     6.6352  (SE:   0.0046)  [    6.6263,     6.6442]

BREAKPOINT LOCATIONS (ψ):
----------------------------------------------------------------------
ψ[1]           :      20.00  (SE:   0.0039)  [     19.99,      20.01]
  (rounded)    : 20
ψ[2]           :      80.00  (SE:   0.0091)  [     79.98,      80.02]
  (rounded)    : 80

NOISE PARAMETER (σ):
----------------------------------------------------------------------
σ              :     5.0000  (SE:   0.0029)  [    4.9944,     5.0056]

CORRELATION MATRIX (selected parameters):
----------------------------------------------------------------------
  1.000  -1.261   0.512  -0.487   1.683 
 -1.261  -1.000   1.931   1.784 -12.616 
  0.512   1.931  -1.000   0.455  31.821 
 -0.487   1.784   0.455  -1.000   0.413 
  1.683 -12.616  31.821   0.413  -1.000 

======================================================================
Confidence Level: 95.0%
======================================================================
Optimizing with analytical gradient (MAP estimation with bounds)...
Computing analytical Hessian at MAP estimate...
Min eigenvalue: -20990.821537460462

======================================================================
MAP ESTIMATION RESULTS
======================================================================
Converged: true
Iterations: 1
Negative Log-likelihood: 1.1686545883301531e6

SLOPE/INTERCEPT PARAMETERS (β):
----------------------------------------------------------------------
Intercept      :    13.8280  (SE:   0.9941)  [   11.8796,    15.7764]
Slope 1        :    -1.2939  (SE:   0.0101)  [   -1.3137,    -1.2740]
Slope 2        :    20.3029  (SE:   0.0049)  [   20.2934,    20.3125]
Slope 3        :    -2.9165  (SE:   0.0016)  [   -2.9197,    -2.9134]

BREAKPOINT LOCATIONS (ψ):
----------------------------------------------------------------------
ψ[1]           :      20.00  (SE:   0.0032)  [     19.99,      20.01]
  (rounded)    : 20
ψ[2]           :      80.00  (SE:   0.0073)  [     79.99,      80.01]
  (rounded)    : 80

NOISE PARAMETER (σ):
----------------------------------------------------------------------
σ              :     5.0000  (SE:   0.0023)  [    4.9954,     5.0046]

CORRELATION MATRIX (selected parameters):
----------------------------------------------------------------------
  1.000  -1.215   0.479   0.447   1.655 
 -1.215  -1.000   1.970  -1.496 -11.738 
  0.479   1.970  -1.000  -0.434  26.662 
  0.447  -1.496  -0.434  -1.000  -0.390 
  1.655 -11.738  26.662  -0.390  -1.000 

======================================================================
Confidence Level: 95.0%
======================================================================
Optimizing with analytical gradient (MAP estimation with bounds)...
Computing analytical Hessian at MAP estimate...
Min eigenvalue: -21769.946672297858

======================================================================
MAP ESTIMATION RESULTS
======================================================================
Converged: true
Iterations: 1
Negative Log-likelihood: 2.1806654742033295e6

SLOPE/INTERCEPT PARAMETERS (β):
----------------------------------------------------------------------
Intercept      :    14.1460  (SE:   1.0003)  [   12.1856,    16.1065]
Slope 1        :     6.0087  (SE:   0.0021)  [    6.0046,     6.0129]
Slope 2        :    17.1669  (SE:   0.0029)  [   17.1611,    17.1726]
Slope 3        :    -5.4156  (SE:   0.0023)  [   -5.4201,    -5.4112]

BREAKPOINT LOCATIONS (ψ):
----------------------------------------------------------------------
ψ[1]           :      20.00  (SE:   0.0022)  [     20.00,      20.00]
  (rounded)    : 20
ψ[2]           :      80.00  (SE:   0.0055)  [     79.99,      80.01]
  (rounded)    : 80

NOISE PARAMETER (σ):
----------------------------------------------------------------------
σ              :     5.0000  (SE:   0.0017)  [    4.9967,     5.0033]

CORRELATION MATRIX (selected parameters):
----------------------------------------------------------------------
  1.000  -6.347   0.487   0.448   1.642 
 -6.347   1.000   8.926  -7.178 -55.593 
  0.487   8.926  -1.000  -0.435  44.742 
  0.448  -7.178  -0.435  -1.000  -0.393 
  1.642 -55.593  44.742  -0.393  -1.000 

======================================================================
Confidence Level: 95.0%
======================================================================
Optimizing with analytical gradient (MAP estimation with bounds)...
Computing analytical Hessian at MAP estimate...
Min eigenvalue: -19856.06467947266

======================================================================
MAP ESTIMATION RESULTS
======================================================================
Converged: true
Iterations: 1
Negative Log-likelihood: 670554.9792782287

SLOPE/INTERCEPT PARAMETERS (β):
----------------------------------------------------------------------
Intercept      :    13.8860  (SE:   1.0016)  [   11.9228,    15.8491]
Slope 1        :    -9.2958  (SE:   0.0124)  [   -9.3201,    -9.2714]
Slope 2        :    -1.7040  (SE:   0.0005)  [   -1.7050,    -1.7030]
Slope 3        :     9.2539  (SE:   0.0075)  [    9.2392,     9.2685]

BREAKPOINT LOCATIONS (ψ):
----------------------------------------------------------------------
ψ[1]           :      20.00  (SE:   0.0039)  [     19.99,      20.01]
  (rounded)    : 20
ψ[2]           :      80.00  (SE:   0.0106)  [     79.98,      80.02]
  (rounded)    : 80

NOISE PARAMETER (σ):
----------------------------------------------------------------------
σ              :     5.0000  (SE:   0.0031)  [    4.9940,     5.0060]

CORRELATION MATRIX (selected parameters):
----------------------------------------------------------------------
  1.000  -1.250   0.499   0.445  -1.639 
 -1.250   1.000   1.490  -1.185   9.433 
  0.499   1.490  -1.000  -0.429 -262.904 
  0.445  -1.185  -0.429  -1.000   0.388 
 -1.639   9.433 -262.904   0.388  -1.000 

======================================================================
Confidence Level: 95.0%
======================================================================
Optimizing with analytical gradient (MAP estimation with bounds)...
Computing analytical Hessian at MAP estimate...
Min eigenvalue: -19720.04527439831

======================================================================
MAP ESTIMATION RESULTS
======================================================================
Converged: true
Iterations: 1
Negative Log-likelihood: 556498.5373991161

SLOPE/INTERCEPT PARAMETERS (β):
----------------------------------------------------------------------
Intercept      :    14.2866  (SE:   0.9624)  [   12.4004,    16.1728]
Slope 1        :    -9.7717  (SE:   0.0102)  [   -9.7916,    -9.7517]
Slope 2        :     2.0778  (SE:   0.0007)  [    2.0764,     2.0792]
Slope 3        :   -12.8948  (SE:   0.0115)  [  -12.9174,   -12.8721]

BREAKPOINT LOCATIONS (ψ):
